20 40 8000

102

2
1 0
1 11
3
1 0
1 9
1 11
7
1 0
1 5
1 6
1 7
1 8
1 9
1 11
3
1 0
1 9
1 11
2
1 0
1 11
7
1 0
1 5
1 6
1 7
1 8
1 9
1 11
3
1 0
1 5
1 11
7
1 0
1 5
1 6
1 7
1 8
1 9
1 11
2
1 0
1 11
3
1 0
1 9
1 11
7
1 0
1 5
1 6
1 7
1 8
1 9
1 11
3
1 0
1 9
1 11
2
1 0
1 11
7
1 0
1 5
1 6
1 7
1 8
1 9
1 11
4
1 0
1 5
1 9
1 11
7
1 0
1 5
1 6
1 7
1 8
1 9
1 11
2
1 0
1 11
7
1 0
1 5
1 6
1 7
1 8
1 9
1 11
4
1 0
1 7
1 9
1 11
5
1 0
1 5
1 6
1 8
1 11
2
1 0
1 11
4
1 0
1 5
1 9
1 11
7
1 0
1 5
1 6
1 7
1 8
1 9
1 11
4
1 0
1 5
1 9
1 11
2
1 0
1 11
6
1 0
1 5
1 6
1 7
1 8
1 11
4
1 0
1 7
1 9
1 11
6
1 0
1 5
1 6
1 7
1 8
1 11
2
1 0
1 11
7
1 0
1 5
1 6
1 7
1 8
1 9
1 11
3
1 0
1 5
1 11
3
1 0
1 5
1 11
2
1 0
1 11
2
1 0
1 11
2
1 0
1 11
5
1 0
1 1
1 2
1 3
1 11
9
1 0
1 1
1 2
1 3
1 4
1 5
1 6
1 7
1 11
2
1 0
1 11
11
1 0
1 2
1 3
1 4
1 5
1 6
1 7
1 8
1 9
1 10
1 11
2
1 0
1 11
2
1 0
1 11
2
1 0
1 11
2
1 0
1 11
4
1 0
1 4
1 11
2 50 0 4
4
1 0
1 4
1 11
2 50 0 4
4
1 0
1 4
1 11
2 50 0 4
4
1 0
1 4
1 11
2 50 0 4
4
1 0
1 4
1 11
2 50 0 4
4
1 0
1 4
1 11
2 50 0 4
2
1 0
1 11
2
1 0
1 11
2
1 0
1 11
2
1 0
1 11
2
1 0
1 11
2
1 0
1 11
2
1 0
1 11
2
1 0
1 11
2
1 0
1 11
2
1 0
1 11
2
1 0
1 11
6
1 0
1 4
1 5
1 6
1 7
1 11
2
1 0
1 11
2
1 0
1 11
2
1 0
1 11
2
1 0
1 11
3
1 0
1 8
1 11
3
1 0
1 8
1 11
3
1 0
1 8
1 11
4
1 0
1 8
1 11
3 300 -3 20
5
1 0
1 8
1 9
1 10
1 11
2
1 0
1 11
2
1 0
1 11
2
1 0
1 11
2
1 0
1 11
2
1 0
1 11
2
1 0
1 11
2
1 0
1 11
2
1 0
1 11
2
1 0
1 11
2
1 0
1 11
2
1 0
1 11
2
1 0
1 11
2
1 0
1 11
2
1 0
1 11
2
1 0
1 11
2
1 0
1 11
2
1 0
1 11
7
1 0
1 5
1 6
1 7
1 8
1 9
1 11
5
1 0
1 5
1 7
1 9
1 11
5
1 0
1 5
1 7
1 9
1 11
2
1 0
1 11
7
1 0
1 5
1 6
1 7
1 8
1 9
1 11
3
1 0
1 8
1 11
3
1 0
1 7
1 11
7
1 0
1 5
1 6
1 7
1 8
1 9
1 11
2
1 0
1 11
7
1 0
1 5
1 6
1 7
1 8
1 9
1 11
4
1 0
1 5
1 9
1 11
5
1 0
1 6
1 7
1 8
1 11
2
1 0
1 11
12
1 0
1 1
1 2
1 3
1 4
1 5
1 6
1 7
1 8
1 9
1 10
1 11
0

