20 40 5000

191

1
1 0
1
1 0
6
1 0
1 6
1 7
1 8
1 9
1 10
2
1 0
1 6
2
1 0
1 6
1
1 0
1
1 0
6
1 0
1 6
1 7
1 8
1 9
1 10
4
1 0
1 6
1 8
1 10
4
1 0
1 6
1 8
1 10
1
1 0
5
1 0
1 7
1 8
1 9
1 10
2
1 0
1 6
5
1 0
1 7
1 8
1 9
1 10
1
1 0
6
1 0
1 6
1 7
1 8
1 9
1 10
4
1 0
1 6
1 8
1 10
4
1 0
1 6
1 8
1 10
1
1 0
6
1 0
1 6
1 7
1 8
1 9
1 10
2
1 0
1 6
2
1 0
1 6
1
1 0
1
1 0
1
1 0
1
1 0
3
1 0
1 6
1 9
6
1 0
1 6
1 7
1 8
1 9
1 10
2
1 0
1 6
1
1 0
1
1 0
1
1 0
1
1 0
10
1 0
1 3
1 4
1 5
1 6
1 7
1 8
1 9
1 10
1 11
1
1 0
1
1 0
10
1 0
1 1
1 2
1 5
1 6
1 7
1 8
1 9
1 10
1 11
1
1 0
1
1 0
10
1 0
1 1
1 2
1 3
1 4
1 7
1 8
1 9
1 10
1 11
1
1 0
1
1 0
1
1 0
1
1 0
10
1 0
1 1
1 2
1 3
1 4
1 7
1 8
1 9
1 10
1 11
1
1 0
1
1 0
10
1 0
1 1
1 2
1 5
1 6
1 7
1 8
1 9
1 10
1 11
1
1 0
1
1 0
10
1 0
1 3
1 4
1 5
1 6
1 7
1 8
1 9
1 10
1 11
1
1 0
1
1 0
1
1 0
1
1 0
8
1 0
1 1
1 6
1 7
1 8
1 9
1 10
1 11
8
1 0
1 1
1 2
1 7
1 8
1 9
1 10
1 11
8
1 0
1 1
1 2
1 3
1 8
1 9
1 10
1 11
8
1 0
1 1
1 2
1 3
1 4
1 9
1 10
1 11
8
1 0
1 1
1 2
1 3
1 4
1 5
1 10
1 11
8
1 0
1 1
1 2
1 3
1 4
1 5
1 6
1 11
1
1 0
1
1 0
1
1 0
1
1 0
1
1 0
1
1 0
1
1 0
2
1 0
1 3
2
1 0
1 3
2
1 0
1 3
2
1 0
1 3
2
1 0
1 5
2
1 0
1 5
2
1 0
1 5
2
1 0
1 5
2
1 0
1 7
2
1 0
1 7
2
1 0
1 7
8
1 0
1 1
1 2
1 3
1 4
1 5
1 6
1 7
0

1
1 0
1
1 0
1
1 0
1
1 0
0

1
1 2
1
1 2
1
1 2
1
1 2
0

1
1 4
1
1 4
1
1 4
1
1 4
0

1
1 6
1
1 6
1
1 6
1
1 6
7
1 0
1 1
1 2
1 3
1 4
1 5
1 6
0

1
1 0
1
1 0
0

1
1 2
1
1 2
0

1
1 4
1
1 4
0

2
1 6
1 11
2
1 6
1 11
2
1 6
1 11
2
1 6
1 11
2
1 6
1 11
3
1 0
1 11
2 120 0 1
2
1 6
1 11
2
1 6
1 11
2
1 6
1 11
2
1 6
1 11
2
1 6
1 11
3
1 0
1 11
2 120 0 1
3
1 0
1 11
2 120 0 1
3
1 0
1 11
2 120 0 1
8
1 0
1 1
1 2
1 3
1 5
1 6
1 11
2 120 0 1
3
1 0
1 6
1 11
3
1 0
1 6
1 11
3
1 0
1 6
1 11
3
1 0
1 11
2 120 0 1
3
1 0
1 11
2 120 0 1
3
1 0
1 11
2 120 0 1
3
1 0
1 11
2 120 0 1
3
1 0
1 11
2 120 0 1
3
1 0
1 6
1 11
3
1 0
1 6
1 11
3
1 0
1 6
1 11
4
1 0
1 6
1 11
2 120 0 1
2
1 0
1 11
2
1 0
1 11
2
1 0
1 11
2
1 0
1 11
2
1 0
1 11
2
1 0
1 11
2
1 0
1 11
2
1 0
1 11
2
1 0
1 11
2
1 0
1 11
2
1 0
1 11
2
1 0
1 11
2
1 0
1 11
2
1 1
1 10
2
1 2
1 9
2
1 3
1 8
2
1 4
1 7
2
1 4
1 7
2
1 4
1 7
2
1 4
1 7
2
1 4
1 7
2
1 4
1 7
2
1 4
1 7
2
1 4
1 7
2
1 4
1 7
2
1 4
1 7
2
1 4
1 7
2
1 4
1 7
2
1 4
1 7
2
1 4
1 7
2
1 4
1 7
2
1 4
1 7
2
1 4
1 7
2
1 4
1 7
2
1 4
1 7
2
1 4
1 7
2
1 4
1 7
2
1 4
1 7
2
1 4
1 7
2
1 4
1 7
2
1 4
1 7
2
1 4
1 7
2
1 4
1 7
2
1 4
1 7
2
1 4
1 7
2
1 4
1 7
2
1 4
1 7
2
1 4
1 7
2
1 4
1 7
2
1 4
1 7
4
1 4
1 5
1 6
1 7
0

0

