12 40 5000

133

1
1 0
1
1 0
6
1 0
1 6
1 7
1 8
1 9
1 10
2
1 0
1 6
2
1 0
1 6
1
1 0
6
1 0
1 6
1 7
1 8
1 9
1 10
4
1 0
1 6
1 8
1 10
4
1 0
1 6
1 8
1 10
1
1 0
5
1 0
1 7
1 8
1 9
1 10
2
1 0
1 6
5
1 0
1 7
1 8
1 9
1 10
1
1 0
6
1 0
1 6
1 7
1 8
1 9
1 10
4
1 0
1 6
1 8
1 10
4
1 0
1 6
1 8
1 10
1
1 0
6
1 0
1 6
1 7
1 8
1 9
1 10
2
1 0
1 6
2
1 0
1 6
1
1 0
1
1 0
1
1 0
1
1 0
4
1 0
1 6
1 8
1 10
4
1 0
1 6
1 8
1 10
6
1 0
1 6
1 7
1 8
1 9
1 10
1
1 0
1
1 0
1
1 0
1
1 0
1
1 0
1
1 0
1
1 0
1
1 0
1
1 0
1
1 0
1
1 0
1
1 0
1
1 0
1
1 0
1
1 0
1
1 0
1
1 0
1
1 0
1
1 0
2
1 0
1 11
2
1 0
1 11
2
1 0
1 11
4
1 0
1 11
2 180 -1 3
2 180 -1 -3
2
1 0
1 11
4
1 0
1 11
2 180 0 3
2 180 0 -3
2
1 0
1 11
4
1 0
1 11
2 180 -1 3
2 180 -1 -3
2
1 0
1 11
4
1 0
1 11
2 180 0 3
2 180 0 -3
2
1 0
1 11
4
1 0
1 11
2 180 -1 3
2 180 -1 -3
2
1 0
1 11
9
1 0
1 3
1 4
1 7
1 8
1 11
2 45 0 1
2 165 0 1
2 285 0 1
2
1 0
1 11
2
1 0
1 11
4
1 0
1 11
2 180 -3 3
2 180 -3 -3
2
1 0
1 11
2
1 0
1 11
10
1 0
1 3
1 4
1 7
1 8
1 11
2 45 0 1
2 165 0 1
2 285 0 1
3 45 -1 20
2
1 0
1 11
2
1 0
1 11
2
1 0
1 11
2
1 0
1 11
2
1 0
1 11
2
1 0
1 11
2
1 0
1 11
2
1 0
1 11
9
1 0
1 3
1 4
1 7
1 8
1 11
2 45 0 1
2 165 0 1
2 285 0 1
2
1 0
1 11
2
1 0
1 11
4
1 0
1 11
2 180 -3 3
2 180 -3 -3
2
1 0
1 11
2
1 0
1 11
10
1 0
1 3
1 4
1 7
1 8
1 11
2 45 0 1
2 165 0 1
2 285 0 1
3 45 -1 20
2
1 0
1 11
2
1 0
1 11
2
1 0
1 11
2
1 0
1 11
2
1 0
1 11
2
1 0
1 11
2
1 0
1 11
2
1 0
1 11
6
1 0
1 3
1 4
1 7
1 8
1 11
3
1 0
1 11
2 165 0 4
3
1 1
1 10
2 165 0 3
3
1 2
1 9
2 165 0 2
3
1 3
1 8
2 165 0 1
2
1 4
1 7
2
1 4
1 7
3
1 4
1 7
2 165 0 1
3
1 4
1 7
2 165 0 1
3
1 4
1 7
2 165 0 1
3
1 4
1 7
2 165 0 1
3
1 4
1 7
2 165 0 1
3
1 4
1 7
2 165 0 1
3
1 4
1 7
2 165 0 1
3
1 4
1 7
2 165 0 1
3
1 4
1 6
1 7
2
1 4
1 6
2
1 4
1 6
2
1 4
1 6
2
1 4
1 6
2
1 4
1 6
2
1 4
1 6
2
1 4
1 6
2
1 4
1 6
2
1 4
1 6
2
1 4
1 6
2
1 4
1 6
2
1 4
1 6
2
1 4
1 6
2
1 4
1 6
2
1 4
1 6
2
1 4
1 6
2
1 4
1 6
2
1 4
1 6
2
1 4
1 6
2
1 4
1 6
2
1 4
1 6
2
1 4
1 6
2
1 4
1 6
2
1 4
1 6
2
1 4
1 6
3
1 4
1 5
1 6
0

